100, 10, -0.17, 1.24, 0.14, 1.80
100, 10, -0.11, 1.25, 0.03, 1.67
100, 10, -0.44, 1.43, -0.02, 1.77
100, 10, -0.35, 1.36, 0.02, 1.77
100, 10, -0.10, 1.31, 0.13, 1.75
100, 10, -0.31, 1.38, 0.06, 1.75
100, 10, -0.40, 1.42, -0.11, 1.73
100, 10, 0.01, 1.24, 0.08, 1.81
100, 10, -0.11, 1.29, 0.18, 1.76
100, 10, -0.20, 1.37, -0.01, 1.69
500, 10, 0.06, 1.93, 0.24, 2.55
500, 10, -0.12, 1.52, 0.21, 2.47
500, 10, -0.22, 1.92, 0.31, 2.58
500, 10, 0.32, 1.44, 0.50, 2.45
500, 10, -0.24, 1.13, 0.30, 2.43
500, 10, -0.27, 1.53, 0.19, 2.87
500, 10, -0.02, 1.92, 0.53, 2.82
500, 10, -0.38, 1.70, 0.08, 2.72
500, 10, -0.10, 1.47, 0.45, 2.54
500, 10, 0.54, 1.63, 0.36, 2.70
1000, 10, -0.38, 1.40, -0.06, 2.85
1000, 10, 0.12, 1.63, -0.01, 2.74
1000, 10, -0.96, 1.88, -0.36, 2.89
1000, 10, -1.32, 1.84, 0.05, 3.04
1000, 10, -0.60, 1.49, -0.05, 2.84
1000, 10, -0.33, 2.30, -0.00, 3.10
1000, 10, -0.44, 1.82, -0.05, 2.62
1000, 10, -0.50, 1.78, -0.05, 3.10
1000, 10, -2.20, 4.72, 0.18, 4.87
1000, 10, 0.05, 1.54, 0.27, 2.67
2000, 10, -0.45, 2.28, 0.86, 3.64
2000, 10, -4.96, 7.46, -1.76, 5.87
2000, 10, -4.75, 6.76, -1.87, 5.56
2000, 10, 0.17, 5.01, 1.55, 5.25
2000, 10, -0.01, 2.98, 0.36, 3.12
2000, 10, 1.66, 4.01, 3.16, 5.92
2000, 10, -2.86, 4.19, -0.62, 4.30
2000, 10, -1.10, 2.92, 0.37, 3.85
2000, 10, -1.17, 4.42, 0.70, 4.76
2000, 10, 0.39, 3.99, 1.97, 5.18
3000, 10, 1.31, 3.91, 2.26, 4.80
3000, 10, 0.57, 2.95, 1.24, 3.46
3000, 10, -2.78, 5.44, -0.76, 4.69
3000, 10, -2.52, 4.02, -0.10, 4.28
3000, 10, -0.78, 4.36, 1.67, 5.52
3000, 10, -4.73, 6.93, -1.71, 5.58
3000, 10, 1.27, 4.25, 3.55, 6.99
3000, 10, -5.25, 9.15, -1.29, 7.21
3000, 10, -0.78, 3.86, 0.55, 4.17
3000, 10, 1.43, 5.87, 3.64, 7.72
4000, 10, -3.88, 9.03, 0.20, 8.60
4000, 10, -0.75, 4.16, 1.02, 4.68
4000, 10, -2.93, 7.23, -0.15, 6.17
4000, 10, 1.60, 5.52, 4.26, 7.95
4000, 10, -3.34, 7.15, 0.13, 6.71
4000, 10, -4.25, 8.69, -0.88, 7.33
4000, 10, -0.24, 2.96, 1.91, 5.02
4000, 10, -3.73, 11.62, 0.06, 9.57
4000, 10, 0.82, 5.41, 2.63, 6.28
4000, 10, 2.40, 4.92, 4.92, 8.41
5000, 10, -4.87, 7.58, -1.86, 6.02
5000, 10, -5.48, 9.82, -1.32, 8.44
5000, 10, -2.63, 6.95, 0.28, 6.67
5000, 10, -3.26, 6.59, -0.40, 5.82
5000, 10, -4.40, 7.32, -1.13, 6.23
5000, 10, 1.02, 3.65, 2.43, 5.72
5000, 10, -2.27, 7.07, 0.90, 6.92
5000, 10, 3.03, 6.18, 5.29, 8.63
5000, 10, -3.00, 7.95, 0.50, 7.71
5000, 10, -3.14, 6.37, 0.01, 5.95
100, 25, -0.35, 1.31, -0.06, 1.53
100, 25, -0.06, 1.31, 0.08, 1.50
100, 25, -0.19, 1.37, 0.02, 1.47
100, 25, -0.22, 1.27, 0.06, 1.49
100, 25, -0.28, 1.23, 0.05, 1.45
100, 25, -0.17, 1.28, -0.01, 1.39
100, 25, -0.14, 1.27, 0.11, 1.50
100, 25, -0.16, 1.28, 0.09, 1.50
100, 25, -0.21, 1.33, 0.21, 1.55
100, 25, -0.27, 1.46, 0.06, 1.54
500, 25, -0.08, 1.26, 0.10, 2.07
500, 25, -0.13, 1.53, 0.11, 2.10
500, 25, -0.18, 1.32, 0.13, 2.04
500, 25, -0.02, 1.47, 0.23, 2.11
500, 25, -0.04, 1.30, 0.14, 2.08
500, 25, -0.07, 1.28, 0.14, 1.96
500, 25, -0.10, 1.29, 0.11, 1.92
500, 25, -0.21, 1.40, 0.09, 1.87
500, 25, -0.14, 1.42, 0.08, 1.98
500, 25, 0.04, 1.41, 0.16, 2.04
1000, 25, -0.42, 1.32, 0.16, 2.24
1000, 25, -0.20, 1.41, 0.18, 2.41
1000, 25, -0.02, 1.40, 0.28, 2.24
1000, 25, -0.00, 1.55, 0.35, 2.33
1000, 25, 0.03, 1.41, 0.22, 2.28
1000, 25, 0.03, 1.42, 0.23, 2.60
1000, 25, -0.06, 1.34, 0.27, 2.27
1000, 25, -0.19, 1.28, 0.33, 2.51
1000, 25, 0.02, 1.53, 0.26, 2.38
1000, 25, -0.16, 1.38, 0.37, 2.49
2000, 25, -0.65, 1.65, 0.05, 2.73
2000, 25, -0.47, 2.56, -0.05, 3.17
2000, 25, -0.65, 1.55, 0.16, 2.84
2000, 25, -0.33, 1.85, 0.82, 3.37
2000, 25, -0.66, 1.60, 0.27, 2.74
2000, 25, -0.64, 1.66, 0.03, 2.84
2000, 25, -0.23, 1.40, 0.67, 2.88
2000, 25, -0.35, 1.38, 0.28, 2.63
2000, 25, -0.10, 1.61, 0.13, 2.47
2000, 25, -0.67, 2.09, -0.24, 2.56
3000, 25, -0.70, 1.87, 0.10, 2.79
3000, 25, -0.19, 1.47, 0.05, 2.63
3000, 25, -0.05, 1.74, 0.70, 3.20
3000, 25, -0.27, 1.50, 0.25, 2.48
3000, 25, -0.50, 2.06, 0.56, 3.03
3000, 25, -0.66, 1.80, -0.27, 3.20
3000, 25, 0.24, 1.97, 0.58, 2.83
3000, 25, -0.95, 2.48, 0.07, 3.15
3000, 25, -0.28, 2.46, -0.10, 3.25
3000, 25, -0.63, 1.97, 0.55, 3.30
4000, 25, 0.43, 4.51, 1.34, 4.78
4000, 25, -0.27, 2.62, 1.50, 4.03
4000, 25, -0.83, 3.04, 0.05, 3.68
4000, 25, -0.17, 3.18, 0.95, 4.16
4000, 25, -0.51, 1.88, 0.65, 3.40
4000, 25, -0.70, 2.62, 0.40, 3.40
4000, 25, -0.00, 2.63, 0.91, 3.73
4000, 25, 0.52, 2.97, 1.21, 3.55
4000, 25, -1.93, 5.03, 0.82, 5.73
4000, 25, -2.81, 4.58, -0.55, 4.39
5000, 25, 0.13, 2.38, 1.01, 3.06
5000, 25, -1.42, 4.08, 0.47, 5.07
5000, 25, -0.52, 1.88, 0.36, 2.94
5000, 25, 0.98, 2.78, 1.76, 4.26
5000, 25, -0.05, 1.85, 0.84, 3.17
5000, 25, -1.36, 2.37, -0.33, 3.25
5000, 25, 3.12, 5.07, 3.88, 6.27
5000, 25, 2.04, 4.67, 3.09, 5.73
5000, 25, -0.90, 2.68, 0.23, 3.67
5000, 25, -0.09, 4.60, 1.06, 4.57
100, 50, 0.02, 1.11, 0.09, 1.19
100, 50, 0.15, 1.21, 0.12, 1.23
100, 50, -0.08, 1.29, 0.05, 1.31
100, 50, -0.15, 1.29, -0.01, 1.29
100, 50, -0.34, 1.42, -0.13, 1.30
100, 50, -0.02, 1.30, 0.14, 1.23
100, 50, -0.33, 1.22, -0.11, 1.27
100, 50, -0.09, 1.34, 0.13, 1.25
100, 50, 0.01, 1.01, 0.14, 1.14
100, 50, -0.24, 1.34, -0.07, 1.17
500, 50, -0.13, 1.27, 0.04, 1.74
500, 50, -0.28, 1.43, 0.02, 1.66
500, 50, -0.26, 1.41, -0.03, 1.77
500, 50, -0.18, 1.36, 0.00, 1.71
500, 50, -0.13, 1.33, 0.05, 1.78
500, 50, -0.36, 1.42, -0.04, 1.67
500, 50, -0.45, 1.53, 0.03, 1.70
500, 50, 0.00, 1.34, 0.09, 1.81
500, 50, -0.19, 1.44, 0.01, 1.81
500, 50, -0.55, 1.42, -0.06, 1.55
1000, 50, -0.14, 1.26, 0.15, 1.97
1000, 50, -0.01, 1.40, 0.12, 1.97
1000, 50, -0.04, 1.40, 0.11, 2.14
1000, 50, -0.04, 1.39, 0.12, 2.00
1000, 50, -0.35, 1.33, 0.08, 1.93
1000, 50, -0.03, 1.39, 0.17, 1.99
1000, 50, -0.23, 1.48, 0.08, 1.92
1000, 50, -0.22, 1.51, 0.06, 1.97
1000, 50, 0.06, 1.51, 0.06, 2.02
1000, 50, -0.21, 1.42, 0.11, 1.98
2000, 50, -0.34, 1.47, 0.19, 2.26
2000, 50, -0.32, 1.37, 0.11, 2.10
2000, 50, -0.08, 1.45, 0.24, 2.18
2000, 50, 0.25, 1.47, 0.29, 2.49
2000, 50, -0.16, 1.44, 0.22, 2.24
2000, 50, -0.31, 1.51, 0.22, 2.28
2000, 50, 0.01, 1.62, 0.26, 2.44
2000, 50, -0.13, 1.37, 0.35, 2.45
2000, 50, -0.20, 1.51, 0.24, 2.44
2000, 50, 0.08, 1.67, 0.31, 2.54
3000, 50, -0.08, 1.35, 0.45, 2.49
3000, 50, 0.28, 1.71, 0.30, 2.38
3000, 50, 0.27, 1.53, 0.29, 2.26
3000, 50, -0.11, 1.34, 0.25, 2.36
3000, 50, -0.12, 1.66, 0.33, 2.63
3000, 50, -0.10, 1.40, 0.18, 2.35
3000, 50, -0.35, 1.33, 0.31, 2.48
3000, 50, 0.04, 1.57, 0.26, 2.50
3000, 50, 0.23, 1.42, 0.29, 2.31
3000, 50, 0.33, 1.48, 0.22, 2.28
4000, 50, -0.10, 1.74, -0.10, 2.59
4000, 50, -1.25, 2.13, 0.15, 3.53
4000, 50, -0.41, 2.20, 0.13, 3.18
4000, 50, 0.05, 1.88, 0.77, 2.99
4000, 50, -0.67, 1.89, -0.19, 3.09
4000, 50, -0.15, 1.37, -0.03, 2.52
4000, 50, 0.25, 1.61, 0.61, 2.61
4000, 50, 0.22, 1.91, 0.53, 2.87
4000, 50, 0.11, 1.84, 0.19, 2.84
4000, 50, 0.33, 1.96, 0.51, 3.00
5000, 50, -0.25, 1.93, 0.86, 3.21
5000, 50, -0.97, 1.91, 0.36, 3.17
5000, 50, -0.53, 1.40, 0.52, 2.97
5000, 50, -0.10, 1.63, 0.59, 2.86
5000, 50, -0.50, 1.78, 0.18, 2.92
5000, 50, 0.29, 1.82, 0.34, 2.67
5000, 50, -0.55, 1.88, 0.18, 2.75
5000, 50, -0.52, 1.85, 0.06, 2.98
5000, 50, -0.10, 1.95, 0.20, 2.41
5000, 50, 0.21, 1.48, 0.44, 2.67
100, 100, -0.05, 1.05, 0.02, 0.94
100, 100, 0.04, 1.07, 0.12, 0.97
100, 100, 0.09, 1.08, 0.06, 0.93
100, 100, 0.19, 1.16, 0.03, 0.93
100, 100, -0.10, 1.08, 0.10, 1.03
100, 100, 0.05, 1.09, 0.11, 0.97
100, 100, -0.01, 1.08, 0.11, 0.99
100, 100, -0.16, 1.11, -0.15, 0.94
100, 100, -0.46, 1.07, -0.26, 0.97
100, 100, 0.15, 1.17, 0.15, 1.00
500, 100, -0.19, 1.34, 0.02, 1.54
500, 100, -0.31, 1.30, 0.00, 1.40
500, 100, -0.41, 1.40, -0.10, 1.39
500, 100, -0.33, 1.38, 0.05, 1.46
500, 100, -0.30, 1.37, 0.01, 1.50
500, 100, -0.09, 1.35, 0.04, 1.41
500, 100, -0.20, 1.26, -0.00, 1.44
500, 100, -0.17, 1.26, 0.03, 1.49
500, 100, -0.28, 1.30, 0.04, 1.46
500, 100, -0.11, 1.22, 0.03, 1.43
1000, 100, -0.30, 1.38, 0.02, 1.74
1000, 100, -0.25, 1.46, 0.04, 1.75
1000, 100, -0.17, 1.42, 0.02, 1.70
1000, 100, -0.37, 1.36, 0.02, 1.69
1000, 100, -0.31, 1.33, 0.03, 1.70
1000, 100, -0.15, 1.28, 0.04, 1.72
1000, 100, -0.26, 1.31, 0.02, 1.67
1000, 100, -0.30, 1.27, 0.03, 1.74
1000, 100, -0.36, 1.35, 0.04, 1.68
1000, 100, -0.26, 1.41, 0.01, 1.71
2000, 100, -0.25, 1.45, 0.11, 2.10
2000, 100, -0.09, 1.36, 0.10, 1.97
2000, 100, -0.11, 1.36, 0.10, 1.90
2000, 100, -0.02, 1.23, 0.10, 2.04
2000, 100, -0.22, 1.33, 0.08, 1.92
2000, 100, -0.17, 1.27, 0.10, 1.96
2000, 100, -0.18, 1.53, 0.06, 1.87
2000, 100, -0.01, 1.60, 0.06, 1.97
2000, 100, -0.01, 1.29, 0.17, 1.99
2000, 100, -0.02, 1.49, 0.14, 2.01
3000, 100, -0.04, 1.36, 0.14, 1.98
3000, 100, -0.27, 1.42, 0.08, 1.90
3000, 100, -0.03, 1.51, 0.14, 2.06
3000, 100, -0.19, 1.37, 0.13, 2.03
3000, 100, -0.34, 1.43, 0.08, 2.00
3000, 100, -0.13, 1.32, 0.19, 1.99
3000, 100, -0.18, 1.33, 0.15, 2.10
3000, 100, 0.02, 1.32, 0.13, 1.98
3000, 100, 0.08, 1.23, 0.19, 2.02
3000, 100, -0.08, 1.28, 0.11, 1.91
4000, 100, 0.20, 1.41, 0.24, 2.31
4000, 100, -0.12, 1.52, 0.27, 2.48
4000, 100, -0.11, 1.39, 0.23, 2.24
4000, 100, 0.05, 1.29, 0.35, 2.38
4000, 100, -0.10, 1.29, 0.21, 2.11
4000, 100, -0.10, 1.16, 0.19, 2.22
4000, 100, 0.05, 1.37, 0.20, 2.35
4000, 100, 0.03, 1.24, 0.17, 2.23
4000, 100, -0.25, 1.05, 0.16, 2.16
4000, 100, 0.24, 1.38, 0.32, 2.30
5000, 100, 0.02, 1.14, 0.29, 2.34
5000, 100, 0.01, 1.28, 0.25, 2.12
5000, 100, -0.02, 1.43, 0.24, 2.18
5000, 100, 0.20, 1.52, 0.47, 2.89
5000, 100, -0.28, 1.16, 0.24, 2.38
5000, 100, -0.33, 1.52, 0.17, 2.32
5000, 100, -0.24, 1.41, 0.26, 2.36
5000, 100, -0.20, 1.46, 0.25, 2.30
5000, 100, 0.02, 1.28, 0.15, 2.08
5000, 100, -0.27, 1.34, 0.13, 2.18
100, 150, 0.13, 1.07, 0.04, 0.84
100, 150, -0.03, 1.07, 0.06, 0.84
100, 150, -0.18, 1.13, 0.01, 0.84
100, 150, -0.09, 1.22, 0.02, 0.88
100, 150, 0.13, 1.06, 0.08, 0.83
100, 150, 0.10, 1.03, 0.05, 0.82
100, 150, 0.02, 0.99, -0.02, 0.93
100, 150, -0.25, 0.97, -0.11, 0.87
100, 150, 0.27, 1.12, 0.19, 0.85
100, 150, -0.01, 1.10, 0.03, 0.86
500, 150, -0.22, 1.40, 0.05, 1.43
500, 150, -0.42, 1.26, -0.10, 1.23
500, 150, -0.22, 1.33, -0.03, 1.32
500, 150, -0.12, 1.23, 0.05, 1.16
500, 150, -0.05, 1.24, 0.01, 1.30
500, 150, -0.14, 1.25, 0.04, 1.22
500, 150, -0.18, 1.15, -0.03, 1.32
500, 150, -0.22, 1.16, -0.03, 1.29
500, 150, -0.10, 1.18, 0.06, 1.21
500, 150, -0.31, 1.26, -0.05, 1.29
1000, 150, -0.14, 1.39, 0.04, 1.59
1000, 150, -0.29, 1.18, 0.01, 1.54
1000, 150, -0.22, 1.31, 0.02, 1.54
1000, 150, -0.32, 1.45, -0.00, 1.55
1000, 150, -0.22, 1.32, 0.03, 1.54
1000, 150, -0.41, 1.50, 0.02, 1.54
1000, 150, -0.26, 1.28, 0.01, 1.59
1000, 150, -0.28, 1.32, 0.01, 1.66
1000, 150, -0.26, 1.31, 0.04, 1.57
1000, 150, -0.26, 1.29, 0.02, 1.65
2000, 150, -0.16, 1.43, 0.04, 1.90
2000, 150, -0.32, 1.46, 0.06, 1.81
2000, 150, -0.15, 1.44, 0.01, 1.66
2000, 150, -0.37, 1.34, 0.03, 1.81
2000, 150, -0.18, 1.48, 0.07, 1.84
2000, 150, -0.27, 1.37, 0.06, 1.77
2000, 150, -0.21, 1.40, 0.08, 1.94
2000, 150, -0.20, 1.30, 0.06, 1.74
2000, 150, -0.25, 1.38, 0.05, 1.80
2000, 150, -0.21, 1.38, 0.09, 1.85
3000, 150, -0.07, 1.31, 0.09, 1.85
3000, 150, -0.31, 1.37, 0.07, 1.89
3000, 150, -0.30, 1.22, 0.06, 1.79
3000, 150, -0.11, 1.29, 0.08, 1.80
3000, 150, -0.20, 1.38, 0.05, 1.88
3000, 150, -0.31, 1.27, 0.04, 1.86
3000, 150, -0.24, 1.22, 0.03, 1.85
3000, 150, -0.11, 1.37, 0.09, 1.85
3000, 150, -0.27, 1.34, 0.04, 1.75
3000, 150, 0.11, 1.29, 0.10, 1.80
4000, 150, 0.05, 1.38, 0.24, 2.13
4000, 150, -0.11, 1.43, 0.15, 2.09
4000, 150, 0.00, 1.32, 0.14, 2.10
4000, 150, 0.09, 1.41, 0.16, 2.11
4000, 150, -0.08, 1.50, 0.23, 2.25
4000, 150, 0.02, 1.20, 0.20, 2.10
4000, 150, 0.24, 1.37, 0.17, 2.11
4000, 150, -0.03, 1.45, 0.24, 2.34
4000, 150, -0.10, 1.46, 0.13, 2.07
4000, 150, -0.07, 1.66, 0.22, 2.21
5000, 150, -0.20, 1.45, 0.17, 2.17
5000, 150, -0.04, 1.33, 0.19, 2.08
5000, 150, 0.04, 1.39, 0.17, 2.08
5000, 150, 0.03, 1.11, 0.12, 2.20
5000, 150, -0.04, 1.32, 0.14, 1.95
5000, 150, -0.04, 1.36, 0.18, 2.18
5000, 150, -0.25, 1.54, 0.14, 2.14
5000, 150, -0.06, 1.33, 0.14, 2.09
5000, 150, -0.38, 1.50, 0.06, 2.02
5000, 150, 0.02, 1.38, 0.23, 2.19
100, 200, -0.23, 1.11, -0.27, 0.87
100, 200, -0.18, 1.04, -0.12, 0.84
100, 200, -0.01, 1.03, -0.05, 0.81
100, 200, 0.08, 1.01, 0.01, 0.76
100, 200, -0.11, 1.00, -0.05, 0.75
100, 200, 0.25, 1.07, 0.04, 0.83
100, 200, 0.01, 0.98, -0.06, 0.79
100, 200, -0.16, 1.18, -0.13, 0.81
100, 200, 0.26, 1.00, 0.20, 0.83
100, 200, 0.14, 1.20, 0.18, 0.83
500, 200, -0.30, 1.20, 0.02, 1.33
500, 200, -0.16, 1.13, -0.08, 1.05
500, 200, -0.05, 1.10, 0.07, 1.07
500, 200, -0.17, 1.27, -0.02, 1.25
500, 200, -0.13, 1.18, 0.02, 1.12
500, 200, -0.14, 1.13, 0.02, 1.18
500, 200, -0.38, 1.24, -0.04, 1.20
500, 200, -0.14, 1.18, 0.06, 1.20
500, 200, -0.16, 1.16, 0.01, 1.18
500, 200, -0.12, 1.25, 0.03, 1.18
1000, 200, -0.22, 1.45, 0.03, 1.54
1000, 200, -0.14, 1.41, 0.05, 1.45
1000, 200, -0.18, 1.35, 0.01, 1.43
1000, 200, -0.22, 1.32, -0.03, 1.43
1000, 200, -0.29, 1.30, -0.04, 1.47
1000, 200, -0.26, 1.36, -0.02, 1.39
1000, 200, -0.31, 1.25, 0.01, 1.55
1000, 200, -0.12, 1.30, 0.02, 1.44
1000, 200, -0.20, 1.29, -0.01, 1.47
1000, 200, -0.32, 1.31, 0.02, 1.49
2000, 200, -0.25, 1.32, 0.04, 1.74
2000, 200, -0.19, 1.34, 0.02, 1.69
2000, 200, -0.07, 1.28, 0.07, 1.78
2000, 200, -0.26, 1.33, 0.04, 1.66
2000, 200, -0.38, 1.34, 0.03, 1.73
2000, 200, -0.24, 1.42, 0.05, 1.71
2000, 200, -0.15, 1.39, 0.06, 1.75
2000, 200, -0.21, 1.35, -0.00, 1.62
2000, 200, -0.13, 1.34, 0.04, 1.74
2000, 200, -0.21, 1.28, 0.02, 1.73
3000, 200, -0.22, 1.39, 0.02, 1.78
3000, 200, -0.36, 1.29, 0.06, 1.65
3000, 200, -0.34, 1.39, 0.05, 1.72
3000, 200, -0.15, 1.25, 0.03, 1.63
3000, 200, -0.18, 1.42, 0.08, 1.76
3000, 200, -0.29, 1.26, 0.06, 1.77
3000, 200, -0.04, 1.42, 0.07, 1.84
3000, 200, -0.27, 1.33, 0.04, 1.68
3000, 200, -0.18, 1.29, 0.04, 1.61
3000, 200, -0.32, 1.45, 0.04, 1.70
4000, 200, 0.05, 1.33, 0.16, 1.97
4000, 200, 0.06, 1.38, 0.15, 2.09
4000, 200, -0.31, 1.25, 0.18, 2.09
4000, 200, 0.03, 1.32, 0.15, 1.95
4000, 200, -0.27, 1.36, 0.05, 1.91
4000, 200, -0.08, 1.31, 0.13, 2.06
4000, 200, -0.08, 1.31, 0.19, 2.09
4000, 200, 0.04, 1.32, 0.09, 1.97
4000, 200, -0.39, 1.36, 0.19, 2.17
4000, 200, -0.08, 1.38, 0.13, 2.02
5000, 200, -0.08, 1.45, 0.08, 1.95
5000, 200, 0.06, 1.48, 0.09, 2.04
5000, 200, 0.01, 1.63, 0.15, 2.08
5000, 200, -0.26, 1.32, 0.14, 1.96
5000, 200, -0.22, 1.38, 0.17, 2.04
5000, 200, -0.03, 1.31, 0.12, 1.96
5000, 200, -0.08, 1.44, 0.13, 1.95
5000, 200, 0.04, 1.42, 0.14, 2.14
5000, 200, -0.16, 1.37, 0.15, 2.04
5000, 200, -0.12, 1.40, 0.13, 1.94
100, 250, 0.11, 1.03, 0.08, 0.73
100, 250, -0.25, 0.99, -0.26, 0.80
100, 250, -0.03, 1.15, -0.03, 0.74
100, 250, 0.03, 1.04, -0.04, 0.77
100, 250, 0.21, 1.06, 0.00, 0.71
100, 250, 0.14, 1.11, 0.17, 0.73
100, 250, 0.11, 1.13, -0.04, 0.72
100, 250, 0.32, 1.19, 0.27, 0.83
100, 250, 0.14, 1.10, -0.17, 0.78
100, 250, 0.22, 1.25, 0.12, 0.79
500, 250, -0.21, 1.24, 0.04, 1.08
500, 250, -0.17, 1.11, -0.02, 1.05
500, 250, -0.00, 1.21, 0.07, 1.11
500, 250, -0.19, 1.12, -0.04, 1.12
500, 250, -0.03, 1.24, 0.05, 1.14
500, 250, -0.16, 1.17, 0.04, 1.10
500, 250, -0.09, 1.20, 0.05, 1.14
500, 250, -0.14, 1.10, 0.06, 1.08
500, 250, -0.12, 1.30, 0.07, 1.19
500, 250, -0.21, 1.09, -0.01, 1.07
1000, 250, -0.21, 1.23, 0.01, 1.39
1000, 250, -0.15, 1.15, 0.05, 1.23
1000, 250, -0.27, 1.24, -0.00, 1.30
1000, 250, -0.22, 1.22, 0.02, 1.33
1000, 250, -0.32, 1.27, -0.01, 1.26
1000, 250, -0.27, 1.21, -0.04, 1.30
1000, 250, -0.11, 1.21, 0.00, 1.33
1000, 250, -0.25, 1.26, 0.01, 1.29
1000, 250, -0.25, 1.21, 0.02, 1.34
1000, 250, -0.18, 1.32, 0.02, 1.44
2000, 250, -0.23, 1.33, 0.01, 1.65
2000, 250, -0.34, 1.38, 0.03, 1.61
2000, 250, -0.33, 1.42, 0.01, 1.59
2000, 250, -0.29, 1.24, 0.03, 1.56
2000, 250, -0.21, 1.42, 0.07, 1.72
2000, 250, -0.19, 1.37, -0.02, 1.61
2000, 250, -0.27, 1.39, 0.01, 1.58
2000, 250, -0.34, 1.41, 0.03, 1.67
2000, 250, -0.27, 1.29, 0.02, 1.59
2000, 250, -0.22, 1.50, 0.02, 1.59
3000, 250, -0.21, 1.39, 0.03, 1.74
3000, 250, -0.39, 1.32, 0.03, 1.67
3000, 250, -0.30, 1.35, 0.01, 1.59
3000, 250, -0.18, 1.35, 0.01, 1.74
3000, 250, -0.19, 1.26, -0.01, 1.61
3000, 250, -0.23, 1.35, 0.01, 1.68
3000, 250, -0.28, 1.44, 0.03, 1.73
3000, 250, -0.13, 1.28, 0.01, 1.60
3000, 250, -0.13, 1.29, 0.01, 1.61
3000, 250, -0.36, 1.27, -0.03, 1.63
4000, 250, -0.04, 1.42, 0.14, 1.98
4000, 250, -0.29, 1.45, 0.10, 1.89
4000, 250, -0.10, 1.28, 0.09, 1.89
4000, 250, -0.22, 1.39, 0.09, 1.98
4000, 250, -0.03, 1.33, 0.04, 1.83
4000, 250, -0.16, 1.39, 0.08, 1.82
4000, 250, -0.23, 1.35, 0.07, 1.76
4000, 250, -0.29, 1.34, 0.02, 1.76
4000, 250, -0.31, 1.35, 0.10, 1.91
4000, 250, -0.16, 1.39, 0.06, 1.83
5000, 250, -0.23, 1.43, 0.04, 1.84
5000, 250, -0.26, 1.27, 0.07, 1.79
5000, 250, -0.14, 1.39, 0.06, 1.93
5000, 250, -0.09, 1.31, 0.09, 1.84
5000, 250, -0.10, 1.43, 0.08, 1.98
5000, 250, -0.09, 1.32, 0.06, 1.84
5000, 250, 0.07, 1.44, 0.10, 1.93
5000, 250, 0.01, 1.52, 0.07, 1.92
5000, 250, -0.30, 1.28, 0.03, 1.70
5000, 250, -0.21, 1.44, 0.07, 1.93
100, 200, -0.12, 1.34, -0.12, 0.82
100, 200, 0.00, 1.13, 0.02, 0.79
100, 200, -0.01, 0.98, 0.04, 0.79
100, 200, -0.19, 1.11, -0.27, 0.88
100, 200, 0.09, 0.92, 0.05, 0.81
100, 200, 0.02, 1.08, 0.06, 0.78
100, 200, 0.11, 1.10, 0.07, 0.77
100, 200, 0.05, 1.06, -0.07, 0.78
100, 200, 0.00, 0.97, 0.02, 0.77
100, 200, -0.18, 1.08, -0.14, 0.81
500, 200, -0.13, 1.14, -0.06, 1.11
500, 200, -0.31, 1.09, -0.07, 1.24
500, 200, -0.03, 1.24, 0.12, 1.25
500, 200, -0.17, 1.20, 0.05, 1.20
500, 200, -0.20, 1.29, -0.07, 1.24
500, 200, -0.36, 1.29, -0.12, 1.21
500, 200, -0.27, 1.16, -0.04, 1.17
500, 200, -0.19, 1.24, 0.06, 1.26
500, 200, -0.03, 1.09, 0.08, 1.07
500, 200, -0.27, 1.28, -0.03, 1.23
1000, 200, -0.18, 1.28, 0.02, 1.55
1000, 200, -0.20, 1.30, 0.03, 1.52
1000, 200, -0.39, 1.42, 0.02, 1.48
1000, 200, -0.23, 1.29, 0.02, 1.48
1000, 200, -0.28, 1.34, 0.03, 1.50
1000, 200, -0.17, 1.26, -0.01, 1.44
1000, 200, -0.28, 1.34, -0.00, 1.56
1000, 200, -0.22, 1.34, -0.01, 1.53
1000, 200, -0.25, 1.37, 0.03, 1.39
1000, 200, -0.17, 1.33, 0.01, 1.32
2000, 200, -0.19, 1.48, 0.02, 1.85
2000, 200, -0.10, 1.38, 0.05, 1.77
2000, 200, -0.35, 1.37, 0.03, 1.69
2000, 200, -0.18, 1.39, 0.02, 1.70
2000, 200, -0.33, 1.37, 0.04, 1.69
2000, 200, -0.35, 1.50, 0.02, 1.72
2000, 200, -0.15, 1.32, 0.03, 1.76
2000, 200, -0.26, 1.32, 0.03, 1.66
2000, 200, -0.18, 1.31, 0.02, 1.64
2000, 200, -0.27, 1.32, 0.02, 1.59
3000, 200, -0.36, 1.33, 0.01, 1.67
3000, 200, -0.18, 1.41, 0.04, 1.74
3000, 200, -0.09, 1.31, 0.05, 1.65
3000, 200, -0.35, 1.47, -0.01, 1.65
3000, 200, -0.13, 1.43, 0.08, 1.73
3000, 200, -0.17, 1.28, 0.02, 1.62
3000, 200, -0.18, 1.27, 0.02, 1.66
3000, 200, -0.24, 1.38, 0.04, 1.62
3000, 200, -0.24, 1.38, 0.05, 1.76
3000, 200, -0.22, 1.39, 0.05, 1.81
4000, 200, 0.08, 1.44, 0.11, 1.98
4000, 200, -0.25, 1.46, 0.06, 1.83
4000, 200, -0.32, 1.46, 0.09, 1.91
4000, 200, -0.03, 1.32, 0.07, 1.92
4000, 200, 0.05, 1.31, 0.09, 1.90
4000, 200, -0.03, 1.35, 0.15, 2.04
4000, 200, -0.26, 1.43, 0.10, 1.98
4000, 200, -0.31, 1.42, 0.06, 1.83
4000, 200, -0.16, 1.32, 0.09, 1.87
4000, 200, -0.43, 1.40, 0.10, 1.97
5000, 200, -0.10, 1.29, 0.16, 2.02
5000, 200, -0.12, 1.38, 0.12, 2.10
5000, 200, -0.01, 1.35, 0.17, 2.02
5000, 200, -0.04, 1.43, 0.12, 2.04
5000, 200, -0.02, 1.24, 0.10, 1.89
5000, 200, -0.07, 1.49, 0.17, 1.99
5000, 200, -0.04, 1.38, 0.13, 1.97
5000, 200, 0.03, 1.55, 0.10, 1.95
5000, 200, -0.21, 1.29, 0.09, 2.06
5000, 200, -0.10, 1.33, 0.08, 1.85
100, 300, -0.15, 1.04, -0.27, 0.76
100, 300, -0.04, 0.91, -0.07, 0.76
100, 300, 0.38, 1.22, 0.21, 0.78
100, 300, 0.22, 1.10, 0.03, 0.69
100, 300, -0.19, 1.00, -0.22, 0.78
100, 300, -0.05, 0.99, -0.08, 0.70
100, 300, 0.15, 1.10, 0.04, 0.73
100, 300, 0.30, 1.05, 0.20, 0.76
100, 300, 0.35, 1.09, 0.08, 0.74
100, 300, 0.24, 1.06, 0.24, 0.80
500, 300, -0.16, 1.10, -0.05, 1.00
500, 300, -0.03, 1.16, 0.02, 1.03
500, 300, -0.23, 1.17, -0.05, 1.12
500, 300, -0.08, 1.07, 0.10, 1.10
500, 300, -0.01, 1.18, 0.06, 1.11
500, 300, -0.24, 1.15, -0.05, 1.07
500, 300, -0.15, 1.10, -0.02, 1.05
500, 300, -0.07, 1.14, 0.01, 1.06
500, 300, -0.18, 1.13, -0.03, 1.03
500, 300, -0.18, 1.03, -0.01, 1.00
1000, 300, -0.22, 1.12, 0.00, 1.28
1000, 300, -0.20, 1.26, 0.02, 1.33
1000, 300, -0.17, 1.14, 0.02, 1.21
1000, 300, -0.28, 1.20, -0.00, 1.19
1000, 300, -0.14, 1.20, 0.02, 1.25
1000, 300, -0.16, 1.20, 0.03, 1.19
1000, 300, -0.31, 1.24, 0.01, 1.24
1000, 300, -0.21, 1.16, -0.01, 1.28
1000, 300, -0.23, 1.25, 0.01, 1.34
1000, 300, -0.16, 1.29, -0.00, 1.33
2000, 300, -0.28, 1.36, 0.03, 1.60
2000, 300, -0.29, 1.37, -0.01, 1.56
2000, 300, -0.25, 1.23, 0.01, 1.50
2000, 300, -0.30, 1.36, 0.02, 1.55
2000, 300, -0.21, 1.17, 0.01, 1.52
2000, 300, -0.19, 1.41, 0.01, 1.59
2000, 300, -0.28, 1.31, 0.01, 1.50
2000, 300, -0.21, 1.43, -0.00, 1.59
2000, 300, -0.17, 1.33, 0.03, 1.66
2000, 300, -0.27, 1.37, 0.01, 1.60
3000, 300, -0.43, 1.41, 0.06, 1.69
3000, 300, -0.15, 1.20, 0.03, 1.58
3000, 300, -0.27, 1.32, 0.04, 1.57
3000, 300, -0.16, 1.33, 0.01, 1.56
3000, 300, -0.19, 1.27, 0.00, 1.44
3000, 300, -0.27, 1.30, 0.00, 1.59
3000, 300, -0.20, 1.39, 0.04, 1.52
3000, 300, -0.24, 1.30, 0.04, 1.65
3000, 300, -0.34, 1.29, -0.02, 1.53
3000, 300, -0.14, 1.31, 0.02, 1.62
4000, 300, -0.25, 1.41, 0.09, 1.91
4000, 300, -0.18, 1.28, 0.03, 1.79
4000, 300, -0.39, 1.30, 0.04, 1.80
4000, 300, -0.34, 1.41, 0.04, 1.73
4000, 300, -0.15, 1.36, 0.06, 1.79
4000, 300, -0.31, 1.42, 0.08, 1.84
4000, 300, -0.11, 1.27, 0.04, 1.72
4000, 300, 0.00, 1.29, 0.14, 1.98
4000, 300, 0.08, 1.32, 0.06, 1.85
4000, 300, -0.15, 1.30, 0.05, 1.72
5000, 300, -0.20, 1.35, 0.10, 1.96
5000, 300, -0.20, 1.48, 0.05, 1.82
5000, 300, -0.09, 1.42, 0.07, 1.87
5000, 300, 0.04, 1.28, 0.09, 1.88
5000, 300, -0.09, 1.37, 0.03, 1.75
5000, 300, -0.21, 1.38, 0.02, 1.80
5000, 300, -0.08, 1.21, 0.11, 1.94
5000, 300, -0.11, 1.30, 0.11, 1.85
5000, 300, 0.04, 1.30, 0.06, 1.85
5000, 300, -0.17, 1.28, 0.05, 1.85
100, 400, -0.07, 1.14, 0.07, 0.72
100, 400, 0.17, 1.12, 0.08, 0.71
100, 400, 0.01, 1.11, 0.03, 0.65
100, 400, 0.41, 1.11, 0.20, 0.67
100, 400, 0.10, 0.97, 0.05, 0.68
100, 400, 0.12, 1.12, 0.01, 0.65
100, 400, 0.09, 1.12, -0.04, 0.70
100, 400, -0.06, 1.00, -0.07, 0.73
100, 400, 0.23, 1.13, 0.07, 0.68
100, 400, 0.28, 0.98, 0.10, 0.70
500, 400, -0.05, 1.06, 0.00, 0.87
500, 400, -0.01, 1.14, -0.05, 0.89
500, 400, -0.15, 0.96, -0.02, 0.90
500, 400, -0.04, 1.05, 0.03, 0.90
500, 400, -0.06, 1.09, 0.03, 1.02
500, 400, -0.10, 1.08, 0.00, 0.94
500, 400, 0.04, 1.04, 0.04, 0.93
500, 400, 0.04, 1.13, 0.03, 0.88
500, 400, -0.01, 1.04, -0.09, 0.87
500, 400, 0.10, 1.07, -0.01, 0.91
1000, 400, -0.12, 1.19, 0.05, 1.14
1000, 400, -0.13, 1.32, -0.03, 1.19
1000, 400, -0.03, 1.11, 0.10, 1.18
1000, 400, -0.22, 1.21, -0.05, 1.06
1000, 400, -0.02, 1.21, -0.01, 1.15
1000, 400, -0.16, 1.12, 0.02, 1.08
1000, 400, -0.11, 1.19, -0.04, 1.13
1000, 400, -0.14, 1.09, 0.04, 1.21
1000, 400, -0.08, 1.22, 0.01, 1.07
1000, 400, -0.17, 1.13, 0.02, 1.16
2000, 400, -0.22, 1.23, 0.02, 1.41
2000, 400, -0.23, 1.42, -0.00, 1.44
2000, 400, -0.28, 1.26, 0.02, 1.46
2000, 400, -0.31, 1.33, -0.00, 1.48
2000, 400, -0.22, 1.28, 0.00, 1.41
2000, 400, -0.21, 1.22, 0.01, 1.53
2000, 400, -0.28, 1.37, 0.01, 1.51
2000, 400, -0.29, 1.32, -0.00, 1.46
2000, 400, -0.30, 1.36, -0.01, 1.52
2000, 400, -0.22, 1.32, 0.01, 1.36
3000, 400, -0.22, 1.28, -0.02, 1.45
3000, 400, -0.32, 1.31, 0.01, 1.42
3000, 400, -0.30, 1.22, 0.00, 1.41
3000, 400, -0.32, 1.34, -0.03, 1.45
3000, 400, -0.14, 1.22, 0.04, 1.41
3000, 400, -0.27, 1.26, 0.02, 1.41
3000, 400, -0.33, 1.41, 0.03, 1.57
3000, 400, -0.42, 1.35, -0.02, 1.51
3000, 400, -0.29, 1.32, 0.02, 1.43
3000, 400, -0.28, 1.41, 0.04, 1.53
4000, 400, -0.17, 1.44, 0.03, 1.74
4000, 400, -0.18, 1.35, 0.06, 1.72
4000, 400, -0.46, 1.38, 0.01, 1.64
4000, 400, -0.17, 1.40, 0.03, 1.82
4000, 400, -0.41, 1.35, 0.05, 1.68
4000, 400, -0.41, 1.31, 0.04, 1.79
4000, 400, -0.22, 1.35, 0.01, 1.58
4000, 400, -0.38, 1.41, 0.05, 1.78
4000, 400, -0.16, 1.24, 0.01, 1.56
4000, 400, -0.30, 1.42, 0.03, 1.66
5000, 400, -0.23, 1.37, 0.01, 1.66
5000, 400, -0.22, 1.40, 0.05, 1.74
5000, 400, -0.20, 1.37, 0.01, 1.66
5000, 400, -0.25, 1.30, 0.03, 1.73
5000, 400, -0.23, 1.29, 0.04, 1.65
5000, 400, -0.26, 1.39, 0.01, 1.70
5000, 400, -0.37, 1.39, 0.03, 1.67
5000, 400, -0.25, 1.42, 0.02, 1.69
5000, 400, -0.23, 1.27, 0.03, 1.70
5000, 400, -0.30, 1.31, 0.01, 1.62
100, 500, 0.10, 1.05, -0.13, 0.66
100, 500, 0.04, 1.10, 0.10, 0.67
100, 500, 0.14, 1.04, 0.16, 0.68
100, 500, 0.00, 0.97, -0.04, 0.62
100, 500, -0.05, 0.88, -0.09, 0.64
100, 500, 0.06, 1.16, 0.00, 0.63
100, 500, -0.01, 1.08, -0.19, 0.69
100, 500, 0.02, 1.11, -0.03, 0.63
100, 500, 0.23, 1.00, 0.13, 0.67
100, 500, 0.12, 1.11, -0.02, 0.65
500, 500, 0.05, 1.04, 0.01, 0.86
500, 500, 0.03, 0.91, 0.04, 0.82
500, 500, 0.02, 1.02, -0.04, 0.82
500, 500, -0.15, 1.11, -0.00, 0.88
500, 500, -0.18, 1.08, -0.09, 0.92
500, 500, 0.16, 1.07, -0.03, 0.93
500, 500, -0.16, 1.20, -0.06, 0.91
500, 500, -0.13, 1.07, -0.02, 0.95
500, 500, 0.20, 1.12, 0.03, 0.88
500, 500, -0.05, 1.11, -0.08, 0.85
1000, 500, -0.02, 1.11, 0.02, 1.05
1000, 500, -0.15, 1.15, -0.01, 1.10
1000, 500, -0.19, 1.20, -0.02, 1.16
1000, 500, -0.12, 0.97, 0.01, 1.02
1000, 500, -0.13, 1.13, 0.00, 1.10
1000, 500, -0.22, 1.11, -0.04, 1.05
1000, 500, -0.09, 1.10, 0.01, 1.04
1000, 500, -0.07, 1.29, 0.01, 1.13
1000, 500, -0.08, 1.08, 0.01, 1.09
1000, 500, -0.13, 1.20, 0.03, 1.07
2000, 500, -0.31, 1.40, 0.01, 1.43
2000, 500, -0.20, 1.27, -0.02, 1.32
2000, 500, -0.10, 1.24, 0.01, 1.32
2000, 500, -0.18, 1.39, 0.01, 1.34
2000, 500, -0.15, 1.22, 0.03, 1.34
2000, 500, -0.09, 1.39, 0.00, 1.39
2000, 500, -0.28, 1.27, 0.02, 1.33
2000, 500, -0.30, 1.35, 0.01, 1.25
2000, 500, -0.18, 1.26, 0.01, 1.36
2000, 500, -0.08, 1.23, 0.03, 1.21
3000, 500, -0.25, 1.26, -0.02, 1.24
3000, 500, -0.14, 1.23, 0.02, 1.32
3000, 500, -0.16, 1.31, 0.00, 1.35
3000, 500, -0.18, 1.16, 0.01, 1.35
3000, 500, -0.27, 1.25, -0.03, 1.35
3000, 500, -0.28, 1.23, 0.01, 1.34
3000, 500, -0.21, 1.28, 0.02, 1.36
3000, 500, -0.16, 1.26, 0.00, 1.31
3000, 500, -0.21, 1.32, -0.00, 1.40
3000, 500, -0.29, 1.15, -0.00, 1.30
4000, 500, -0.16, 1.41, 0.04, 1.72
4000, 500, -0.26, 1.42, 0.00, 1.71
4000, 500, -0.29, 1.32, 0.03, 1.66
4000, 500, -0.09, 1.26, 0.04, 1.71
4000, 500, -0.16, 1.36, 0.03, 1.67
4000, 500, -0.42, 1.37, 0.00, 1.45
4000, 500, -0.15, 1.17, 0.03, 1.65
4000, 500, -0.21, 1.28, 0.01, 1.64
4000, 500, -0.30, 1.31, 0.03, 1.58
4000, 500, -0.34, 1.49, 0.02, 1.58
5000, 500, -0.16, 1.34, 0.01, 1.53
5000, 500, -0.14, 1.23, 0.02, 1.61
5000, 500, -0.35, 1.28, -0.00, 1.58
5000, 500, -0.26, 1.40, 0.03, 1.65
5000, 500, -0.23, 1.18, 0.02, 1.50
5000, 500, -0.19, 1.24, 0.03, 1.58
5000, 500, -0.17, 1.30, 0.02, 1.58
5000, 500, -0.33, 1.31, 0.02, 1.62
5000, 500, -0.17, 1.31, 0.01, 1.70
5000, 500, -0.23, 1.33, 0.04, 1.58
100, 600, -0.01, 0.96, -0.07, 0.62
100, 600, 0.18, 1.00, 0.13, 0.60
100, 600, 0.39, 1.07, 0.29, 0.71
100, 600, -0.13, 0.98, -0.15, 0.69
100, 600, -0.02, 1.16, -0.05, 0.68
100, 600, 0.30, 0.98, -0.03, 0.61
100, 600, 0.11, 1.00, -0.04, 0.59
100, 600, 0.08, 1.05, 0.01, 0.62
100, 600, 0.27, 1.20, 0.24, 0.73
100, 600, 0.11, 1.11, -0.17, 0.64
500, 600, 0.27, 1.05, 0.19, 0.88
500, 600, -0.11, 1.01, -0.02, 0.83
500, 600, -0.04, 1.09, -0.04, 0.89
500, 600, 0.10, 1.00, 0.05, 0.79
500, 600, 0.08, 1.08, 0.06, 0.86
500, 600, -0.01, 1.09, -0.00, 0.80
500, 600, 0.18, 1.14, 0.08, 0.78
500, 600, -0.06, 1.19, -0.08, 0.89
500, 600, -0.18, 1.11, -0.04, 0.80
500, 600, 0.13, 1.12, 0.11, 0.85
1000, 600, -0.10, 1.07, -0.07, 0.95
1000, 600, -0.12, 1.07, 0.03, 0.94
1000, 600, -0.09, 1.21, 0.01, 1.08
1000, 600, 0.01, 1.21, 0.00, 1.03
1000, 600, -0.14, 1.22, 0.01, 1.08
1000, 600, -0.07, 1.04, -0.02, 0.99
1000, 600, -0.11, 1.08, -0.04, 1.04
1000, 600, -0.07, 1.19, 0.03, 1.03
1000, 600, 0.06, 1.07, 0.06, 0.97
1000, 600, -0.01, 1.18, 0.05, 1.07
2000, 600, -0.16, 1.23, 0.02, 1.25
2000, 600, -0.27, 1.25, 0.02, 1.30
2000, 600, -0.25, 1.28, 0.02, 1.41
2000, 600, -0.15, 1.19, -0.01, 1.31
2000, 600, -0.20, 1.18, 0.02, 1.30
2000, 600, -0.23, 1.27, 0.02, 1.30
2000, 600, -0.06, 1.24, 0.01, 1.14
2000, 600, -0.26, 1.16, -0.01, 1.27
2000, 600, -0.23, 1.24, 0.02, 1.20
2000, 600, -0.01, 1.31, 0.02, 1.20
3000, 600, -0.04, 1.28, 0.01, 1.24
3000, 600, -0.27, 1.21, 0.04, 1.26
3000, 600, -0.05, 1.30, 0.04, 1.33
3000, 600, -0.30, 1.28, 0.00, 1.26
3000, 600, -0.18, 1.21, 0.03, 1.23
3000, 600, -0.25, 1.25, 0.03, 1.19
3000, 600, -0.35, 1.25, -0.01, 1.28
3000, 600, -0.24, 1.34, -0.00, 1.30
3000, 600, -0.13, 1.27, 0.05, 1.29
3000, 600, -0.21, 1.27, 0.00, 1.32
4000, 600, -0.24, 1.21, 0.02, 1.55
4000, 600, -0.27, 1.36, 0.02, 1.58
4000, 600, -0.31, 1.30, 0.01, 1.49
4000, 600, -0.21, 1.26, 0.02, 1.64
4000, 600, -0.19, 1.33, -0.01, 1.36
4000, 600, -0.34, 1.30, 0.01, 1.52
4000, 600, -0.09, 1.29, 0.02, 1.46
4000, 600, -0.21, 1.25, -0.00, 1.45
4000, 600, -0.43, 1.39, 0.01, 1.63
4000, 600, -0.19, 1.24, 0.02, 1.48
5000, 600, -0.19, 1.30, -0.00, 1.51
5000, 600, -0.26, 1.26, 0.01, 1.52
5000, 600, -0.21, 1.38, 0.03, 1.58
5000, 600, -0.18, 1.27, -0.00, 1.61
5000, 600, -0.38, 1.38, 0.00, 1.57
5000, 600, -0.37, 1.43, -0.01, 1.52
5000, 600, -0.17, 1.47, -0.00, 1.64
5000, 600, -0.32, 1.43, 0.02, 1.57
5000, 600, -0.21, 1.25, 0.00, 1.48
5000, 600, -0.29, 1.34, 0.01, 1.54
100, 700, 0.40, 1.12, 0.22, 0.63
100, 700, 0.09, 1.06, -0.11, 0.63
100, 700, 0.23, 1.13, 0.05, 0.67
100, 700, 0.36, 0.98, 0.09, 0.61
100, 700, 0.36, 1.17, 0.20, 0.66
100, 700, 0.18, 1.02, 0.06, 0.63
100, 700, -0.01, 1.26, -0.03, 0.61
100, 700, 0.29, 1.27, 0.14, 0.67
100, 700, 0.32, 1.14, 0.28, 0.72
100, 700, -0.07, 1.06, -0.17, 0.65
500, 700, -0.02, 1.12, -0.03, 0.79
500, 700, 0.02, 0.96, -0.02, 0.79
500, 700, -0.12, 1.11, -0.05, 0.78
500, 700, 0.10, 1.04, 0.02, 0.76
500, 700, 0.08, 1.10, -0.11, 0.75
500, 700, 0.00, 1.16, -0.05, 0.84
500, 700, 0.13, 1.04, 0.12, 0.80
500, 700, 0.20, 1.25, 0.08, 0.79
500, 700, 0.21, 1.08, 0.08, 0.77
500, 700, 0.05, 1.11, 0.06, 0.77
1000, 700, -0.08, 1.11, 0.04, 0.98
1000, 700, -0.22, 1.21, 0.04, 1.05
1000, 700, 0.05, 1.06, 0.06, 0.94
1000, 700, 0.02, 1.13, -0.06, 0.95
1000, 700, -0.15, 1.16, 0.01, 0.97
1000, 700, -0.16, 1.09, 0.01, 1.02
1000, 700, -0.13, 1.01, -0.08, 1.00
1000, 700, -0.15, 1.04, -0.02, 0.90
1000, 700, 0.16, 1.04, 0.05, 0.92
1000, 700, 0.12, 1.14, 0.05, 0.92
2000, 700, -0.27, 1.29, 0.02, 1.30
2000, 700, -0.14, 1.29, 0.06, 1.11
2000, 700, -0.14, 1.22, 0.03, 1.17
2000, 700, -0.20, 1.21, 0.00, 1.20
2000, 700, -0.07, 1.18, 0.00, 1.09
2000, 700, -0.30, 1.25, 0.00, 1.32
2000, 700, -0.11, 1.08, 0.04, 1.15
2000, 700, -0.15, 1.10, 0.02, 1.15
2000, 700, -0.22, 1.33, 0.01, 1.22
2000, 700, -0.10, 1.15, 0.01, 1.14
3000, 700, -0.18, 1.20, 0.02, 1.21
3000, 700, -0.08, 1.08, 0.04, 1.05
3000, 700, -0.15, 1.29, 0.01, 1.19
3000, 700, -0.10, 1.28, 0.08, 1.18
3000, 700, -0.09, 1.19, 0.07, 1.17
3000, 700, -0.17, 1.22, 0.00, 1.25
3000, 700, -0.16, 1.12, -0.02, 1.13
3000, 700, -0.25, 1.30, 0.01, 1.21
3000, 700, -0.24, 1.27, -0.01, 1.22
3000, 700, -0.27, 1.17, -0.04, 1.29
4000, 700, -0.29, 1.36, 0.01, 1.45
4000, 700, -0.17, 1.35, 0.02, 1.57
4000, 700, -0.20, 1.35, 0.01, 1.42
4000, 700, -0.26, 1.36, 0.00, 1.54
4000, 700, -0.31, 1.30, 0.01, 1.51
4000, 700, -0.17, 1.34, 0.00, 1.57
4000, 700, -0.32, 1.33, 0.02, 1.40
4000, 700, -0.23, 1.21, 0.01, 1.40
4000, 700, -0.40, 1.30, 0.01, 1.45
4000, 700, -0.21, 1.36, 0.00, 1.48
5000, 700, -0.38, 1.27, 0.01, 1.43
5000, 700, -0.26, 1.34, 0.00, 1.50
5000, 700, -0.32, 1.39, -0.00, 1.55
5000, 700, -0.28, 1.44, -0.00, 1.49
5000, 700, -0.15, 1.21, 0.00, 1.49
5000, 700, -0.35, 1.36, 0.00, 1.48
5000, 700, -0.15, 1.28, 0.03, 1.57
5000, 700, -0.24, 1.23, 0.00, 1.50
5000, 700, -0.48, 1.38, -0.01, 1.57
5000, 700, -0.25, 1.31, -0.01, 1.44
100, 800, 0.14, 1.09, 0.08, 0.59
100, 800, 0.19, 1.15, 0.09, 0.60
100, 800, 0.24, 1.33, 0.05, 0.59
100, 800, 0.35, 1.11, -0.01, 0.60
100, 800, 0.02, 1.13, -0.16, 0.57
100, 800, -0.02, 1.03, -0.17, 0.62
100, 800, 0.26, 1.13, 0.06, 0.55
100, 800, 0.12, 1.04, 0.13, 0.61
100, 800, 0.26, 1.11, 0.06, 0.57
100, 800, 0.32, 1.08, 0.12, 0.62
500, 800, 0.10, 1.19, 0.02, 0.76
500, 800, 0.04, 1.05, -0.00, 0.78
500, 800, 0.05, 1.11, 0.01, 0.80
500, 800, 0.05, 1.04, -0.01, 0.74
500, 800, 0.05, 1.01, -0.01, 0.78
500, 800, 0.15, 1.09, 0.05, 0.76
500, 800, 0.10, 1.03, 0.03, 0.73
500, 800, -0.07, 1.00, -0.04, 0.69
500, 800, -0.05, 1.04, -0.16, 0.79
500, 800, 0.04, 1.13, -0.00, 0.72
1000, 800, -0.12, 1.12, 0.02, 1.01
1000, 800, 0.07, 1.18, 0.04, 0.94
1000, 800, -0.08, 0.98, -0.05, 0.84
1000, 800, -0.14, 1.03, 0.02, 0.87
1000, 800, -0.14, 1.13, 0.01, 0.93
1000, 800, 0.01, 1.03, 0.03, 0.93
1000, 800, 0.13, 1.18, -0.05, 0.90
1000, 800, -0.08, 1.07, 0.04, 0.84
1000, 800, -0.02, 1.08, 0.02, 0.91
1000, 800, -0.10, 1.13, -0.05, 0.94
2000, 800, -0.17, 1.26, -0.00, 1.17
2000, 800, -0.09, 1.13, -0.01, 1.17
2000, 800, -0.34, 1.27, 0.02, 1.35
2000, 800, -0.11, 1.13, -0.00, 1.15
2000, 800, -0.15, 1.22, 0.01, 1.22
2000, 800, -0.19, 1.11, -0.02, 1.15
2000, 800, -0.11, 1.24, 0.01, 1.15
2000, 800, -0.22, 1.18, 0.01, 1.20
2000, 800, -0.11, 1.21, 0.01, 1.14
2000, 800, -0.13, 1.17, 0.02, 1.15
3000, 800, -0.08, 1.27, 0.02, 1.08
3000, 800, -0.17, 1.20, 0.03, 1.10
3000, 800, -0.09, 1.08, -0.01, 1.14
3000, 800, -0.09, 1.07, 0.02, 1.09
3000, 800, -0.18, 1.29, 0.03, 1.18
3000, 800, -0.16, 1.23, 0.03, 1.18
3000, 800, -0.16, 1.17, -0.01, 1.12
3000, 800, -0.20, 1.30, -0.01, 1.31
3000, 800, -0.15, 1.21, 0.03, 1.16
3000, 800, -0.06, 1.23, 0.01, 1.20
4000, 800, -0.27, 1.27, 0.01, 1.36
4000, 800, -0.25, 1.29, -0.01, 1.50
4000, 800, -0.29, 1.34, -0.01, 1.52
4000, 800, -0.27, 1.40, 0.03, 1.58
4000, 800, -0.13, 1.34, 0.01, 1.32
4000, 800, -0.20, 1.22, 0.01, 1.48
4000, 800, -0.29, 1.29, -0.01, 1.35
4000, 800, -0.31, 1.26, 0.03, 1.52
4000, 800, -0.14, 1.27, -0.00, 1.30
4000, 800, -0.21, 1.26, 0.03, 1.41
5000, 800, -0.26, 1.25, 0.01, 1.41
5000, 800, -0.27, 1.36, 0.02, 1.42
5000, 800, -0.27, 1.16, 0.00, 1.34
5000, 800, -0.27, 1.29, -0.01, 1.44
5000, 800, -0.21, 1.28, 0.02, 1.50
5000, 800, -0.20, 1.28, 0.02, 1.33
5000, 800, -0.31, 1.47, 0.01, 1.42
5000, 800, -0.29, 1.29, 0.01, 1.43
5000, 800, -0.43, 1.39, 0.01, 1.56
5000, 800, -0.35, 1.35, 0.01, 1.38
100, 900, -0.08, 0.91, -0.10, 0.59
100, 900, 0.15, 1.19, -0.04, 0.60
100, 900, 0.05, 1.05, 0.06, 0.57
100, 900, 0.04, 1.13, -0.19, 0.64
100, 900, 0.09, 1.08, 0.02, 0.54
100, 900, 0.02, 1.02, -0.07, 0.56
100, 900, 0.23, 1.13, 0.06, 0.59
100, 900, 0.05, 1.13, -0.04, 0.56
100, 900, 0.32, 1.07, 0.05, 0.58
100, 900, 0.16, 1.01, 0.03, 0.60
500, 900, 0.11, 1.02, 0.08, 0.73
500, 900, 0.08, 1.12, -0.01, 0.71
500, 900, -0.10, 0.95, -0.11, 0.74
500, 900, 0.14, 0.97, -0.02, 0.73
500, 900, 0.13, 1.11, 0.07, 0.76
500, 900, 0.08, 0.96, 0.05, 0.74
500, 900, 0.16, 1.15, 0.13, 0.72
500, 900, 0.18, 1.10, 0.00, 0.74
500, 900, 0.07, 1.17, -0.07, 0.71
500, 900, 0.20, 1.08, 0.02, 0.69
1000, 900, -0.02, 1.14, -0.00, 0.91
1000, 900, 0.12, 1.00, 0.06, 0.85
1000, 900, 0.14, 1.10, 0.06, 0.88
1000, 900, 0.17, 1.00, 0.09, 0.83
1000, 900, 0.09, 1.08, 0.04, 0.78
1000, 900, 0.05, 1.10, -0.06, 0.82
1000, 900, -0.05, 1.06, 0.01, 0.88
1000, 900, 0.12, 1.08, -0.06, 0.83
1000, 900, -0.17, 1.13, -0.07, 0.84
1000, 900, -0.05, 1.01, 0.03, 0.92
2000, 900, -0.02, 1.15, -0.00, 1.07
2000, 900, -0.18, 1.27, 0.03, 1.11
2000, 900, -0.05, 1.17, -0.01, 1.05
2000, 900, -0.10, 1.10, 0.02, 1.00
2000, 900, -0.04, 1.13, 0.03, 1.05
2000, 900, -0.13, 1.11, 0.03, 1.13
2000, 900, -0.19, 1.26, 0.02, 1.21
2000, 900, -0.05, 1.23, 0.01, 1.16
2000, 900, -0.14, 1.04, -0.01, 1.07
2000, 900, -0.07, 1.16, 0.02, 1.17
3000, 900, -0.14, 1.12, 0.03, 1.04
3000, 900, -0.12, 1.24, -0.02, 1.10
3000, 900, -0.26, 1.16, -0.01, 1.19
3000, 900, -0.07, 1.23, 0.03, 1.19
3000, 900, -0.10, 1.19, 0.01, 1.11
3000, 900, -0.01, 1.19, 0.06, 1.17
3000, 900, -0.15, 1.18, 0.04, 1.16
3000, 900, 0.02, 1.17, 0.02, 1.04
3000, 900, -0.10, 1.21, 0.04, 1.03
3000, 900, -0.07, 1.33, 0.02, 1.16
4000, 900, -0.05, 1.22, 0.00, 1.24
4000, 900, -0.27, 1.18, 0.02, 1.31
4000, 900, -0.28, 1.29, 0.01, 1.42
4000, 900, -0.22, 1.26, 0.01, 1.47
4000, 900, -0.45, 1.39, -0.01, 1.47
4000, 900, -0.27, 1.31, -0.00, 1.40
4000, 900, -0.20, 1.27, 0.00, 1.40
4000, 900, -0.26, 1.43, -0.00, 1.41
4000, 900, -0.29, 1.22, -0.00, 1.45
4000, 900, -0.30, 1.26, 0.02, 1.36
5000, 900, -0.23, 1.27, 0.01, 1.34
5000, 900, -0.43, 1.52, 0.01, 1.52
5000, 900, -0.33, 1.30, 0.02, 1.32
5000, 900, -0.31, 1.26, 0.01, 1.33
5000, 900, -0.24, 1.21, 0.00, 1.32
5000, 900, -0.12, 1.24, 0.00, 1.44
5000, 900, -0.14, 1.19, 0.01, 1.28
5000, 900, -0.21, 1.34, 0.01, 1.50
5000, 900, -0.23, 1.19, 0.02, 1.37
5000, 900, -0.38, 1.39, 0.01, 1.47
