1, 8, -1.43, 2.95, 0.31, 3.97
1, 8, -1.14, 3.25, -0.05, 3.75
1, 8, -0.14, 2.94, 0.89, 3.81
1, 8, -0.17, 3.05, 0.37, 3.44
1, 8, -0.84, 3.21, 0.45, 3.61
1, 8, -1.59, 4.67, -0.30, 4.98
1, 8, 0.06, 3.62, 0.44, 3.49
1, 8, 0.68, 3.32, 1.09, 3.91
1, 8, 0.51, 3.79, 2.18, 5.33
1, 8, -1.73, 3.96, 0.03, 4.10
1, 16, -0.50, 2.50, 0.31, 3.08
1, 16, -0.45, 2.10, 0.29, 2.74
1, 16, 1.72, 4.75, 2.54, 5.77
1, 16, 0.23, 1.84, 0.27, 2.75
1, 16, -0.32, 1.61, 0.36, 2.76
1, 16, -0.53, 3.15, 0.12, 3.50
1, 16, 0.83, 2.37, 1.88, 4.23
1, 16, -0.71, 3.31, 0.27, 3.65
1, 16, -0.19, 2.46, 0.53, 3.10
1, 16, -1.06, 2.56, 0.23, 3.36
1, 32, -0.47, 1.49, 0.25, 2.42
1, 32, -0.38, 1.49, 0.21, 2.39
1, 32, -0.24, 1.26, 0.28, 2.38
1, 32, -0.48, 1.67, 0.28, 2.67
1, 32, -0.11, 1.71, 0.21, 2.50
1, 32, 0.06, 1.52, 0.23, 2.41
1, 32, -0.14, 1.45, 0.21, 2.66
1, 32, -0.05, 1.62, 0.43, 2.71
1, 32, -0.22, 1.69, 0.27, 2.63
1, 32, 0.15, 2.13, 0.50, 3.00
1, 64, -0.15, 1.29, 0.21, 2.30
1, 64, -0.08, 1.25, 0.27, 2.43
1, 64, -0.08, 1.43, 0.13, 2.04
1, 64, -0.21, 1.48, 0.26, 2.44
1, 64, -0.09, 1.44, 0.36, 2.61
1, 64, -0.15, 1.36, 0.23, 2.17
1, 64, -0.14, 1.40, 0.23, 2.30
1, 64, -0.17, 1.31, 0.15, 2.07
1, 64, -0.25, 1.24, 0.23, 2.39
1, 64, -0.21, 1.25, 0.28, 2.30
1, 128, -0.32, 1.17, 0.18, 2.12
1, 128, -0.07, 1.20, 0.15, 2.10
1, 128, -0.11, 1.19, 0.17, 2.12
1, 128, -0.15, 1.26, 0.16, 2.06
1, 128, -0.16, 1.20, 0.16, 2.12
1, 128, -0.06, 1.20, 0.17, 2.06
1, 128, -0.21, 1.27, 0.17, 2.14
1, 128, -0.14, 1.26, 0.15, 2.08
1, 128, -0.16, 1.23, 0.15, 2.10
1, 128, -0.15, 1.24, 0.18, 2.11
1, 256, -0.22, 1.23, 0.14, 2.03
1, 256, -0.18, 1.21, 0.14, 2.01
1, 256, -0.18, 1.11, 0.15, 2.02
1, 256, -0.17, 1.22, 0.12, 1.98
1, 256, -0.21, 1.15, 0.13, 1.98
1, 256, -0.25, 1.15, 0.14, 2.01
1, 256, -0.33, 1.18, 0.13, 1.95
1, 256, -0.19, 1.12, 0.15, 2.00
1, 256, -0.14, 1.19, 0.15, 2.01
1, 256, -0.25, 1.15, 0.14, 2.00
2, 8, -0.41, 2.77, 0.47, 3.54
2, 8, -0.07, 2.73, 0.36, 3.22
2, 8, 0.51, 4.26, 2.50, 6.06
2, 8, 0.34, 2.64, 0.27, 3.20
2, 8, -0.21, 2.06, -0.10, 2.86
2, 8, -1.07, 2.48, 0.06, 3.37
2, 8, 0.61, 4.07, 1.65, 4.42
2, 8, -0.76, 2.37, 0.24, 3.37
2, 8, -0.02, 1.52, 0.44, 2.49
2, 8, -1.25, 3.17, 0.22, 3.43
2, 16, -0.26, 1.63, 0.24, 2.70
2, 16, -0.27, 1.63, 0.27, 2.74
2, 16, 0.38, 1.62, 0.28, 2.46
2, 16, 0.41, 1.58, 0.19, 2.14
2, 16, 0.12, 2.10, 0.37, 2.78
2, 16, -0.06, 1.42, 0.11, 2.31
2, 16, -0.24, 1.49, 0.27, 2.44
2, 16, -0.42, 1.58, 0.18, 2.43
2, 16, 0.23, 1.37, 0.23, 2.19
2, 16, 0.23, 1.72, 0.17, 2.27
2, 32, -0.37, 1.25, 0.19, 2.27
2, 32, 0.04, 1.29, 0.14, 2.15
2, 32, -0.14, 1.25, 0.08, 1.86
2, 32, -0.07, 1.23, 0.24, 2.12
2, 32, -0.13, 1.29, 0.19, 2.13
2, 32, -0.38, 1.33, 0.08, 2.00
2, 32, -0.14, 1.35, 0.09, 1.98
2, 32, -0.03, 1.55, 0.23, 2.22
2, 32, -0.18, 1.30, 0.18, 2.07
2, 32, -0.10, 1.33, 0.17, 1.98
2, 64, -0.01, 1.27, 0.16, 1.96
2, 64, -0.32, 1.24, 0.11, 1.89
2, 64, -0.30, 1.31, 0.09, 1.89
2, 64, -0.36, 1.29, 0.05, 1.78
2, 64, -0.14, 1.28, 0.08, 1.87
2, 64, -0.32, 1.28, 0.12, 1.98
2, 64, -0.05, 1.30, 0.07, 1.93
2, 64, -0.16, 1.31, 0.07, 1.85
2, 64, -0.09, 1.14, 0.09, 1.89
2, 64, -0.19, 1.32, 0.08, 1.88
2, 128, -0.25, 1.32, 0.05, 1.77
2, 128, -0.35, 1.35, 0.03, 1.74
2, 128, -0.26, 1.35, 0.05, 1.76
2, 128, -0.25, 1.33, 0.05, 1.73
2, 128, -0.42, 1.31, 0.04, 1.76
2, 128, -0.27, 1.34, 0.04, 1.77
2, 128, -0.16, 1.19, 0.05, 1.72
2, 128, -0.23, 1.31, 0.04, 1.71
2, 128, -0.30, 1.28, 0.03, 1.72
2, 128, -0.27, 1.28, 0.04, 1.73
2, 256, -0.32, 1.27, 0.03, 1.67
2, 256, -0.29, 1.29, 0.03, 1.70
2, 256, -0.25, 1.32, 0.03, 1.71
2, 256, -0.25, 1.28, 0.03, 1.66
2, 256, -0.24, 1.27, 0.03, 1.67
2, 256, -0.23, 1.29, 0.02, 1.68
2, 256, -0.28, 1.30, 0.04, 1.69
2, 256, -0.25, 1.30, 0.03, 1.67
2, 256, -0.24, 1.30, 0.04, 1.68
2, 256, -0.29, 1.32, 0.03, 1.66
3, 8, -0.90, 1.88, -0.06, 2.78
3, 8, 0.07, 1.86, 0.55, 2.83
3, 8, -0.05, 2.18, 0.16, 2.77
3, 8, -0.16, 1.78, 0.26, 2.52
3, 8, 0.50, 1.89, 0.53, 2.81
3, 8, -1.08, 3.15, 0.13, 3.91
3, 8, -5.78, 8.40, -2.08, 6.65
3, 8, 0.62, 4.07, 1.79, 4.35
3, 8, 0.34, 1.69, 0.22, 2.46
3, 8, 1.07, 2.80, 1.76, 4.89
3, 16, 0.09, 1.34, 0.23, 2.46
3, 16, 0.22, 1.85, 0.52, 2.71
3, 16, 0.01, 1.47, 0.06, 2.09
3, 16, -0.10, 1.49, 0.13, 2.16
3, 16, -0.26, 1.59, 0.26, 2.59
3, 16, -0.07, 1.41, 0.26, 2.22
3, 16, -0.40, 1.50, 0.15, 2.36
3, 16, -0.29, 1.42, 0.16, 2.26
3, 16, -0.07, 1.43, 0.16, 2.09
3, 16, -0.22, 1.63, 0.07, 2.37
3, 32, -0.05, 1.31, 0.12, 2.11
3, 32, -0.06, 1.46, 0.08, 1.88
3, 32, -0.12, 1.41, 0.09, 1.93
3, 32, -0.10, 1.16, 0.09, 1.91
3, 32, 0.08, 1.36, 0.14, 2.01
3, 32, 0.03, 1.38, 0.12, 1.89
3, 32, -0.21, 1.54, 0.07, 1.95
3, 32, -0.02, 1.40, 0.08, 1.94
3, 32, 0.21, 1.42, 0.15, 1.99
3, 32, 0.03, 1.42, 0.12, 2.04
3, 64, -0.18, 1.36, 0.06, 1.72
3, 64, -0.35, 1.40, 0.04, 1.78
3, 64, -0.09, 1.38, 0.04, 1.73
3, 64, -0.06, 1.28, 0.05, 1.76
3, 64, -0.27, 1.37, 0.07, 1.75
3, 64, -0.13, 1.40, 0.08, 1.81
3, 64, -0.33, 1.36, 0.06, 1.76
3, 64, -0.22, 1.33, 0.04, 1.75
3, 64, -0.09, 1.44, 0.03, 1.72
3, 64, 0.02, 1.34, 0.07, 1.83
3, 128, -0.24, 1.29, 0.02, 1.63
3, 128, -0.22, 1.24, 0.02, 1.64
3, 128, -0.28, 1.37, 0.03, 1.65
3, 128, -0.25, 1.30, 0.02, 1.62
3, 128, -0.24, 1.28, 0.02, 1.61
3, 128, -0.17, 1.25, 0.03, 1.64
3, 128, -0.17, 1.32, 0.02, 1.67
3, 128, -0.24, 1.24, 0.03, 1.66
3, 128, -0.18, 1.23, 0.03, 1.64
3, 128, -0.19, 1.28, 0.02, 1.66
3, 256, -0.26, 1.26, 0.02, 1.55
3, 256, -0.32, 1.34, 0.01, 1.58
3, 256, -0.20, 1.32, 0.02, 1.59
3, 256, -0.26, 1.34, 0.01, 1.58
3, 256, -0.28, 1.29, 0.01, 1.59
3, 256, -0.31, 1.28, 0.01, 1.60
3, 256, -0.26, 1.33, 0.02, 1.57
3, 256, -0.26, 1.29, 0.01, 1.56
3, 256, -0.26, 1.27, 0.02, 1.59
3, 256, -0.28, 1.27, 0.01, 1.59
