50, -0.43, 1.54
50, -0.43, 1.63
50, -0.58, 1.67
50, -0.44, 1.55
50, -0.58, 1.57
50, -0.54, 1.67
50, -0.39, 1.60
50, -0.33, 1.46
50, -0.74, 1.90
50, -0.20, 1.39
100, -0.71, 1.75
100, -0.74, 1.94
100, -0.73, 1.81
100, -0.47, 1.66
100, -0.73, 1.78
100, -0.63, 1.62
100, -0.72, 1.91
100, -0.50, 1.75
100, -0.96, 2.01
100, -0.76, 1.90
150, -0.98, 2.00
150, -0.89, 1.97
150, -0.74, 1.94
150, -0.72, 1.94
150, -0.84, 2.11
150, -0.82, 2.03
150, -0.72, 1.83
150, -0.81, 1.98
150, -0.96, 2.21
150, -0.68, 1.74
200, -0.83, 1.93
200, -0.82, 2.05
200, -0.85, 1.94
200, -0.70, 1.87
200, -0.55, 1.64
200, -0.92, 2.04
200, -0.93, 2.06
200, -0.91, 2.01
200, -0.70, 1.84
200, -0.81, 1.92
250, -0.67, 1.81
250, -0.73, 1.92
250, -0.71, 2.00
250, -0.78, 1.88
250, -0.79, 1.96
250, -0.88, 2.07
250, -0.74, 1.86
250, -0.79, 2.06
250, -0.90, 2.04
250, -0.66, 1.77
300, -0.77, 1.83
300, -0.66, 1.87
300, -0.72, 1.92
300, -0.73, 1.97
300, -0.72, 1.98
300, -0.89, 2.08
300, -0.91, 1.98
300, -0.90, 2.09
300, -0.69, 1.79
300, -0.76, 1.86
350, -0.65, 1.98
350, -0.74, 1.95
350, -0.87, 2.11
350, -0.80, 2.00
350, -0.88, 2.12
350, -0.77, 1.90
350, -0.78, 1.93
350, -0.78, 2.00
350, -0.77, 2.01
350, -0.71, 1.93
400, -0.86, 2.07
400, -0.85, 2.03
400, -0.72, 1.96
400, -0.95, 2.06
400, -0.78, 1.81
400, -0.83, 2.03
400, -0.93, 2.11
400, -0.52, 1.84
400, -0.66, 1.94
400, -0.85, 1.96
450, -0.78, 1.92
450, -0.75, 1.84
450, -0.84, 2.00
450, -0.78, 2.04
450, -0.80, 2.09
450, -0.70, 1.95
450, -0.83, 2.01
450, -0.86, 2.10
450, -0.78, 1.93
450, -0.65, 1.87
500, -0.47, 1.71
500, -0.65, 1.94
500, -0.60, 1.78
500, -0.66, 1.88
500, -0.68, 1.95
500, -0.64, 1.99
500, -0.59, 1.86
500, -0.82, 2.00
500, -0.69, 1.95
500, -0.68, 1.96
550, -0.71, 1.83
550, -0.54, 1.85
550, -0.85, 2.07
550, -0.84, 2.08
550, -0.65, 2.00
550, -0.52, 1.82
550, -0.61, 1.93
550, -0.58, 1.79
550, -0.72, 1.95
550, -0.69, 1.94
600, -0.68, 1.90
600, -0.57, 1.80
600, -0.68, 1.86
600, -0.76, 2.01
600, -0.30, 1.52
600, -0.86, 2.16
600, -0.82, 2.12
600, -0.61, 1.89
600, -0.49, 1.78
600, -0.74, 1.97
650, -0.43, 1.65
650, -0.68, 1.99
650, -0.79, 2.05
650, -0.74, 2.09
650, -0.60, 1.90
650, -0.71, 1.96
650, -0.74, 2.03
650, -0.65, 1.85
650, -0.86, 2.04
650, -0.53, 1.73
700, -0.72, 1.97
700, -0.65, 1.83
700, -0.60, 1.92
700, -0.52, 1.78
700, -0.62, 1.86
700, -0.71, 1.80
700, -0.67, 1.87
700, -0.39, 1.92
700, -0.56, 1.81
700, -0.66, 1.80
750, -0.52, 1.80
750, -0.69, 1.93
750, -0.83, 1.99
750, -0.73, 2.00
750, -0.57, 1.85
750, -0.57, 1.98
750, -0.69, 1.94
750, -0.60, 1.84
750, -0.55, 1.81
750, -0.75, 1.99
800, -0.73, 1.93
800, -0.78, 1.99
800, -0.75, 1.94
800, -0.73, 2.00
800, -0.27, 1.69
800, -0.51, 1.59
800, -0.67, 1.89
800, -0.56, 1.89
800, -0.60, 1.81
800, -0.60, 1.87
850, -0.71, 1.90
850, -0.75, 1.89
850, -0.82, 1.98
850, -0.47, 1.76
850, -0.47, 1.89
850, -0.48, 1.73
850, -0.65, 1.85
850, -0.62, 1.87
850, -0.58, 1.90
850, -0.68, 1.96
900, -0.59, 1.89
900, -0.63, 1.92
900, -0.67, 2.00
900, -0.52, 1.79
900, -0.53, 1.83
900, -0.48, 1.79
900, -0.55, 1.71
900, -0.55, 1.90
900, -0.59, 1.96
900, -0.56, 1.80
950, -0.67, 1.90
950, -0.57, 1.80
950, -0.74, 2.05
950, -0.79, 1.96
950, -0.47, 1.74
950, -0.45, 1.91
950, -0.65, 1.95
950, -0.44, 1.78
950, -0.61, 1.97
950, -0.43, 1.94
1000, -0.63, 2.06
1000, -0.56, 1.74
1000, -0.60, 1.87
1000, -0.59, 1.78
1000, -0.67, 1.93
1000, -0.41, 1.69
1000, -0.71, 1.95
1000, -0.63, 1.90
1000, -0.74, 1.97
1000, -0.77, 2.02
1050, -0.44, 1.76
1050, -0.64, 1.93
1050, -0.52, 2.04
1050, -0.64, 1.95
1050, -0.69, 1.86
1050, -0.42, 1.77
1050, -0.87, 1.95
1050, -0.67, 1.80
1050, -0.60, 1.83
1050, -0.30, 1.78
1100, -0.52, 1.84
1100, -0.61, 1.90
1100, -0.51, 1.93
1100, -0.68, 1.90
1100, -0.62, 1.93
1100, -0.68, 1.94
1100, -0.61, 1.83
1100, -0.75, 1.91
1100, -0.66, 2.01
1100, -0.61, 2.01
1150, -0.52, 1.81
1150, -0.70, 1.85
1150, -0.51, 1.75
1150, -0.52, 1.86
1150, -0.65, 2.07
1150, -0.37, 1.65
1150, -0.50, 1.83
1150, -0.57, 1.95
1150, -0.58, 1.88
1150, -0.54, 1.86
1200, -0.35, 1.79
1200, -0.56, 1.88
1200, -0.66, 1.99
1200, -0.36, 1.75
1200, -0.81, 1.97
1200, -0.42, 1.79
1200, -0.42, 1.74
1200, -0.78, 2.24
1200, -0.61, 1.86
1200, -0.54, 1.80
1250, -0.45, 1.79
1250, -0.56, 1.84
1250, -0.61, 1.88
1250, -0.67, 1.98
1250, -0.54, 1.79
1250, -0.61, 1.88
1250, -0.85, 2.06
1250, -0.66, 2.03
1250, -0.45, 1.79
1250, -0.79, 2.01
1300, -0.57, 1.79
1300, -0.62, 2.00
1300, -0.51, 1.96
1300, -0.57, 1.84
1300, -0.67, 2.06
1300, -0.51, 1.72
1300, -0.48, 1.87
1300, -0.62, 1.88
1300, -0.53, 1.76
1300, -0.63, 1.97
1350, -0.45, 1.84
1350, -0.40, 1.84
1350, -0.50, 1.63
1350, -0.38, 1.65
1350, -0.52, 1.85
1350, -0.66, 1.85
1350, -0.51, 1.82
1350, -0.40, 1.79
1350, -0.62, 1.84
1350, -0.48, 1.80
1400, -0.55, 1.75
1400, -0.67, 1.97
1400, -0.21, 1.58
1400, -0.39, 1.75
1400, -0.71, 2.00
1400, -0.63, 1.83
1400, -0.41, 1.78
1400, -0.70, 1.84
1400, -0.55, 1.91
1400, -0.64, 1.97
1450, -0.60, 1.91
1450, -0.33, 1.81
1450, -0.70, 2.03
1450, -0.30, 1.79
1450, -0.44, 1.83
1450, -0.61, 2.06
1450, -0.46, 1.85
1450, -0.56, 1.86
1450, -0.59, 1.97
1450, -0.68, 1.80
1500, -0.44, 1.79
1500, -0.63, 1.89
1500, -0.56, 1.78
1500, -0.55, 1.95
1500, -0.62, 1.94
1500, -0.51, 1.86
1500, -0.65, 1.82
1500, -0.53, 1.94
1500, -0.42, 1.77
1500, -0.43, 1.81
1550, -0.70, 1.98
1550, -0.63, 1.97
1550, -0.65, 1.93
1550, -0.61, 1.96
1550, -0.48, 1.73
1550, -0.56, 1.80
1550, -0.43, 1.83
1550, -0.59, 2.12
1550, -0.74, 1.92
1550, -0.39, 1.74
1600, -0.48, 1.76
1600, -0.68, 2.10
1600, -0.49, 1.99
1600, -0.64, 1.89
1600, -0.54, 1.83
1600, -0.59, 1.93
1600, -0.47, 1.80
1600, -0.53, 1.90
1600, -0.44, 1.97
1600, -0.72, 2.23
1650, -0.31, 1.74
1650, -0.29, 1.68
1650, -0.50, 1.82
1650, -0.38, 1.73
1650, -0.47, 1.83
1650, -0.54, 1.80
1650, -0.58, 1.82
1650, -0.80, 2.05
1650, -0.47, 1.70
1650, -0.55, 1.83
1700, -0.39, 1.72
1700, -0.66, 1.87
1700, -0.42, 1.85
1700, -0.57, 1.80
1700, -0.75, 1.98
1700, -0.38, 1.77
1700, -0.60, 2.06
1700, -0.40, 1.81
1700, -0.51, 1.80
1700, -0.36, 1.86
1750, -0.48, 1.84
1750, -0.54, 1.96
1750, -0.49, 1.78
1750, -0.47, 1.84
1750, -0.45, 1.85
1750, -0.58, 1.73
1750, -0.49, 1.81
1750, -0.32, 1.75
1750, -0.44, 1.78
1750, -0.62, 1.98
1800, -0.35, 1.69
1800, -0.47, 1.76
1800, -0.70, 1.92
1800, -0.51, 1.86
1800, -0.44, 1.84
1800, -0.53, 1.76
1800, -0.76, 1.99
1800, -0.64, 1.85
1800, -0.59, 1.84
1800, -0.60, 1.83
1850, -0.38, 1.99
1850, -0.37, 1.65
1850, -0.31, 1.79
1850, -0.42, 1.85
