50, -0.25, 1.67
50, -0.28, 1.63
50, -0.24, 1.26
50, -0.38, 1.51
50, -0.48, 1.73
50, -0.20, 1.34
50, -0.20, 1.47
50, 0.03, 1.26
50, -0.28, 1.49
50, -0.65, 1.62
100, -0.21, 1.36
100, -0.62, 1.63
100, -0.46, 1.75
100, -0.35, 1.58
100, -0.71, 1.85
100, -0.54, 1.64
100, -0.67, 1.88
100, -0.56, 1.72
100, -0.62, 1.65
100, 0.00, 1.43
150, -0.69, 1.82
150, -0.52, 1.57
150, -0.64, 1.73
150, -0.61, 1.83
150, -0.80, 2.01
150, -0.52, 1.67
150, -0.58, 1.79
150, -0.49, 1.55
150, -0.46, 1.58
150, -0.71, 1.81
200, -0.83, 1.97
200, -0.60, 1.73
200, -0.77, 1.92
200, -0.65, 1.82
200, -0.73, 1.91
200, -0.69, 1.83
200, -0.97, 2.05
200, -0.88, 2.03
200, -0.73, 1.89
200, -0.64, 1.73
250, -0.65, 1.93
250, -0.80, 1.94
250, -0.73, 1.74
250, -0.78, 2.12
250, -0.78, 1.89
250, -0.83, 1.99
250, -0.67, 1.83
250, -0.69, 1.94
250, -0.74, 1.88
250, -0.92, 2.02
300, -0.83, 2.10
300, -0.80, 1.83
300, -0.96, 2.15
300, -0.99, 2.13
300, -0.91, 2.08
300, -0.73, 1.93
300, -0.79, 1.84
300, -0.65, 1.80
300, -0.84, 2.01
300, -0.79, 1.97
350, -0.71, 1.81
350, -0.73, 1.86
350, -0.85, 1.96
350, -0.86, 2.17
350, -0.87, 2.03
350, -0.81, 2.04
350, -0.79, 1.92
350, -0.87, 2.05
350, -1.03, 2.23
350, -0.91, 2.08
400, -0.84, 2.04
400, -0.85, 2.00
400, -0.84, 2.04
400, -0.78, 1.87
400, -0.78, 1.92
400, -0.88, 2.05
400, -0.69, 1.80
400, -0.79, 2.03
400, -0.88, 2.03
400, -0.69, 1.92
450, -0.83, 2.06
450, -0.73, 1.91
450, -0.79, 1.92
450, -0.74, 1.91
450, -0.75, 1.93
450, -0.95, 2.18
450, -0.93, 2.01
450, -0.86, 2.07
450, -0.73, 1.98
450, -0.79, 1.90
500, -0.87, 2.14
500, -0.69, 1.85
500, -0.91, 2.06
500, -0.93, 2.05
500, -0.77, 2.03
500, -0.66, 1.80
500, -0.62, 1.82
500, -0.84, 1.93
500, -0.64, 1.82
500, -0.91, 1.99
550, -0.65, 1.90
550, -0.76, 1.96
550, -0.73, 1.95
550, -0.81, 1.93
550, -0.90, 2.06
550, -0.81, 2.04
550, -0.83, 2.05
550, -0.97, 2.08
550, -0.72, 1.95
550, -0.77, 1.97
600, -0.76, 1.93
600, -0.81, 1.90
600, -0.87, 2.04
600, -0.83, 2.07
600, -0.71, 1.96
600, -0.73, 1.84
600, -0.79, 1.96
600, -0.79, 2.09
600, -0.66, 1.81
600, -0.76, 2.02
650, -0.82, 1.97
650, -0.82, 1.98
650, -0.71, 1.98
650, -0.78, 2.03
650, -0.86, 2.06
650, -0.80, 1.94
650, -0.77, 1.98
650, -0.69, 1.94
650, -0.80, 1.94
650, -0.77, 2.01
700, -0.65, 1.72
700, -0.77, 1.96
700, -0.79, 1.94
700, -0.94, 2.21
700, -0.79, 1.93
700, -0.96, 2.20
700, -0.56, 1.76
700, -0.84, 1.96
700, -0.62, 1.94
700, -0.73, 2.05
750, -0.60, 1.85
750, -0.73, 1.92
750, -0.70, 2.04
750, -0.77, 1.98
750, -1.00, 2.29
750, -0.51, 1.88
750, -0.80, 1.94
750, -0.67, 1.91
750, -0.87, 2.11
750, -0.89, 2.17
800, -0.79, 1.92
800, -0.71, 1.96
800, -0.79, 1.94
800, -0.77, 1.91
800, -0.59, 1.82
800, -0.74, 1.95
800, -0.63, 1.84
800, -0.73, 1.87
800, -0.84, 1.99
800, -0.71, 2.07
850, -0.76, 1.88
850, -0.70, 1.95
850, -0.82, 1.98
850, -0.86, 2.12
850, -0.52, 1.81
850, -0.56, 1.86
850, -0.79, 1.90
850, -0.69, 1.85
850, -0.78, 1.93
850, -0.73, 1.96
900, -0.88, 2.04
900, -0.35, 1.62
900, -0.63, 1.97
900, -0.68, 1.86
900, -0.76, 2.01
900, -0.64, 1.85
900, -0.57, 1.98
900, -0.86, 2.14
900, -0.62, 1.84
900, -0.80, 2.04
950, -0.77, 2.11
950, -0.83, 2.10
950, -0.57, 1.83
950, -0.87, 2.01
950, -0.73, 1.98
950, -0.85, 2.06
950, -0.68, 1.95
950, -0.64, 1.87
950, -0.75, 2.07
950, -0.82, 2.11
1000, -0.58, 1.75
1000, -0.52, 1.82
1000, -0.56, 1.82
1000, -0.62, 1.93
1000, -0.72, 2.01
1000, -0.75, 1.97
1000, -0.74, 1.97
1000, -0.76, 1.90
1000, -0.69, 1.96
1000, -0.79, 1.85
1050, -0.62, 1.89
1050, -0.73, 1.90
1050, -0.72, 1.94
1050, -0.57, 1.84
1050, -0.67, 1.82
1050, -0.72, 1.88
1050, -0.82, 2.00
1050, -0.71, 2.05
1050, -0.59, 1.86
1050, -0.58, 1.88
1100, -0.75, 1.91
1100, -0.75, 1.98
1100, -0.69, 1.96
1100, -0.64, 1.82
1100, -0.64, 1.82
1100, -0.86, 2.17
1100, -0.56, 1.68
1100, -0.67, 1.83
1100, -0.76, 2.02
1100, -0.68, 1.91
1150, -0.87, 2.00
1150, -0.57, 1.78
1150, -0.80, 1.94
1150, -0.74, 2.03
1150, -0.49, 1.75
1150, -0.72, 2.01
1150, -0.51, 1.81
1150, -0.87, 2.15
1150, -0.49, 1.79
1150, -0.74, 1.95
1200, -0.89, 2.12
1200, -0.59, 1.85
1200, -0.68, 1.89
1200, -0.70, 1.90
1200, -0.73, 2.03
1200, -0.55, 1.88
1200, -0.71, 1.90
1200, -0.74, 2.00
1200, -0.58, 1.86
1200, -0.66, 1.89
1250, -0.62, 1.96
1250, -0.58, 1.86
1250, -0.66, 1.81
1250, -0.66, 1.91
1250, -0.82, 2.02
1250, -0.42, 1.75
1250, -0.74, 1.94
1250, -0.74, 1.98
1250, -0.70, 1.86
1250, -0.75, 2.00
1300, -0.62, 1.87
1300, -0.66, 1.93
1300, -0.54, 2.02
1300, -0.80, 2.06
1300, -0.73, 1.84
1300, -0.64, 2.03
1300, -0.78, 2.02
1300, -0.65, 1.88
1300, -0.61, 1.86
1300, -0.52, 1.78
1350, -0.67, 2.00
1350, -0.72, 1.89
1350, -0.56, 1.84
1350, -0.68, 1.91
1350, -0.66, 1.92
1350, -0.77, 1.95
1350, -0.54, 1.81
1350, -0.59, 1.92
1350, -0.60, 1.84
1350, -0.69, 2.08
1400, -0.71, 1.83
1400, -0.63, 1.97
1400, -0.49, 1.78
1400, -0.33, 1.65
1400, -0.66, 1.85
1400, -0.60, 1.87
1400, -0.72, 1.99
1400, -0.86, 2.09
1400, -0.50, 1.74
1400, -0.64, 1.91
1450, -0.80, 2.01
1450, -0.43, 1.72
1450, -0.65, 1.96
1450, -0.62, 1.80
1450, -0.81, 2.03
1450, -0.60, 1.83
1450, -0.63, 1.97
1450, -0.57, 1.70
1450, -0.50, 1.78
1450, -0.62, 1.85
1500, -0.45, 1.82
1500, -0.61, 1.88
1500, -0.54, 1.78
1500, -0.77, 1.97
1500, -0.79, 1.95
1500, -0.62, 1.91
1500, -0.85, 2.11
1500, -0.65, 1.96
1500, -0.60, 1.89
1500, -0.74, 2.08
1550, -0.73, 2.00
1550, -0.67, 1.92
1550, -0.63, 1.95
1550, -0.58, 2.00
1550, -0.52, 1.84
1550, -0.68, 1.93
1550, -0.60, 1.81
1550, -0.57, 1.91
1550, -0.62, 1.91
1550, -0.71, 2.05
1600, -0.70, 2.00
1600, -0.63, 1.94
1600, -0.73, 1.97
1600, -0.44, 1.94
1600, -0.56, 1.84
1600, -0.71, 1.90
1600, -0.59, 1.76
1600, -0.31, 1.88
1600, -0.59, 1.85
1600, -0.59, 1.80
1650, -0.49, 1.93
1650, -0.61, 1.92
1650, -0.58, 1.83
1650, -0.62, 1.94
1650, -0.48, 1.87
1650, -0.70, 1.87
1650, -0.55, 1.88
1650, -0.74, 2.05
1650, -0.61, 1.90
1650, -0.61, 1.85
1700, -0.40, 1.94
1700, -0.58, 1.87
1700, -0.56, 1.94
1700, -0.73, 1.90
1700, -0.66, 1.90
1700, -0.72, 2.02
1700, -0.14, 1.70
1700, -0.84, 2.08
1700, -0.70, 1.93
1700, -0.53, 1.80
1750, -0.65, 1.94
1750, -0.41, 1.84
1750, -0.74, 1.95
1750, -0.75, 2.05
1750, -0.68, 2.14
1750, -0.62, 1.81
1750, -0.56, 1.82
1750, -0.67, 1.93
1750, -0.72, 1.98
1750, -0.66, 1.88
1800, -0.43, 1.86
1800, -0.40, 1.78
1800, -0.50, 1.85
1800, -0.39, 1.71
1800, -0.53, 1.83
1800, -0.60, 1.77
1800, -0.59, 1.92
1800, -0.51, 1.85
1800, -0.60, 1.95
1800, -0.57, 1.86
1850, -0.62, 1.97
1850, -0.64, 1.93
1850, -0.49, 1.79
1850, -0.51, 1.80
1850, -0.64, 1.96
1850, -0.56, 1.99
1850, -0.71, 1.93
1850, -0.64, 1.99
1850, -0.61, 1.98
1850, -0.41, 1.69
1900, -0.68, 2.03
1900, -0.59, 1.84
1900, -0.43, 1.80
1900, -0.77, 2.01
1900, -0.54, 1.84
1900, -0.45, 1.82
1900, -0.69, 1.91
1900, -0.36, 1.74
1900, -0.53, 1.87
1900, -0.50, 1.85
1950, -0.61, 1.97
1950, -0.72, 1.99
1950, -0.67, 2.07
1950, -0.31, 1.76
1950, -0.52, 1.85
1950, -0.64, 1.94
1950, -0.62, 1.93
1950, -0.67, 1.85
1950, -0.62, 1.87
1950, -0.61, 2.00
